{
  "accuracy": 0.6554878048780488,
  "f1": 0.4321608040201005,
  "roc_auc": 0.6681347656250001
}