{
  "accuracy": 0.663109756097561,
  "f1": 0.4488778054862843,
  "roc_auc": 0.65181640625
}