{
  "accuracy": 0.6692073170731707,
  "f1": 0.4894117647058824,
  "roc_auc": 0.66091796875
}